22 22 5
5 4 4 2 5 
0 6 46 31 72 90 0 0 0 0 0 0 0 0 0 0 0 0 0 0 0 0 
0 0 0 0 0 0 0 38 0 0 0 0 0 0 0 0 0 0 0 0 0 0 
0 0 0 0 0 0 55 0 98 79 0 0 0 0 0 0 0 0 0 0 0 0 
0 0 0 0 0 0 88 0 36 4 0 0 0 0 0 0 0 0 0 0 0 0 
0 0 0 0 0 0 19 0 7 70 0 0 0 0 0 0 0 0 0 0 0 0 
0 0 0 0 0 0 63 0 42 47 0 0 0 0 0 0 0 0 0 0 0 0 
0 0 0 0 0 0 0 0 0 0 16 16 0 15 0 0 0 0 0 0 0 0 
0 0 0 0 0 0 0 0 0 0 91 0 25 26 0 0 0 0 0 0 0 0 
0 0 0 0 0 0 0 0 0 0 0 0 54 0 0 0 0 0 0 0 0 0 
0 0 0 0 0 0 0 0 0 0 0 79 23 67 0 0 0 0 0 0 0 0 
0 0 0 0 0 0 0 0 0 22 0 0 0 0 69 84 0 0 0 0 0 0 
0 0 0 0 0 0 0 0 0 0 0 0 0 0 24 52 0 0 0 0 0 0 
0 0 0 0 0 0 0 0 0 0 0 0 0 0 26 84 0 0 0 0 0 0 
0 0 0 0 0 0 0 0 0 0 0 0 0 0 51 39 0 0 0 0 0 0 
0 0 0 0 0 0 0 0 0 0 90 0 0 0 0 0 92 52 58 37 0 0 
0 0 38 0 0 0 0 0 0 0 0 0 0 0 0 0 14 0 0 0 46 0 
0 0 0 0 0 0 0 0 0 0 0 45 0 0 0 0 0 0 0 0 0 34 
0 16 0 0 0 0 0 0 0 0 0 0 0 0 0 0 0 0 0 0 0 69 
0 0 0 0 0 0 0 0 0 0 0 46 0 0 0 0 0 0 0 0 0 20 
0 0 0 0 0 0 0 0 89 0 0 0 0 0 0 0 0 0 0 0 0 47 
0 0 0 27 0 0 0 0 0 0 0 0 0 0 9 0 0 0 0 0 0 19 
0 0 0 0 0 0 0 0 0 0 0 0 0 0 0 0 0 0 0 0 0 0 
